Matriz 1
3 2 1 6 5 7 4 6 3 9 9 0 3 7 1 5 9 8 5 9 8 6 7 0 3 7 0 6 1 6 3 8 3 0 4 2 8 6 7 9 
0 4 5 9 8 9 8 9 0 6 8 9 1 5 6 0 2 0 0 5 6 2 6 0 0 4 8 0 1 2 3 5 1 4 8 4 6 0 2 2 
2 5 2 3 4 2 2 4 8 1 2 2 5 4 7 4 6 3 9 3 6 5 6 6 2 0 4 4 7 1 8 8 8 3 2 5 4 3 1 5 
8 1 0 6 7 5 6 2 7 4 3 4 1 0 9 0 4 2 1 5 9 6 8 2 5 9 7 0 3 2 9 1 6 4 6 7 4 5 1 2 
5 1 7 2 5 5 9 3 4 4 9 9 7 0 3 9 4 2 5 8 1 0 4 9 3 2 6 9 0 6 3 6 9 3 7 8 6 4 3 2 
8 0 0 2 2 9 7 4 8 0 2 9 8 3 8 0 2 4 4 6 8 3 3 3 9 2 3 5 6 7 4 2 1 1 9 4 6 5 8 5 
4 3 1 3 1 4 9 4 7 1 8 5 5 7 3 5 2 0 3 2 8 1 5 4 8 9 1 2 1 4 6 4 3 3 4 2 6 3 4 5 
5 0 3 7 5 1 4 1 6 6 4 4 4 3 7 2 5 1 8 5 1 9 8 5 9 4 3 7 7 0 1 2 7 7 4 4 5 3 6 7 
3 3 3 6 5 0 2 5 7 9 9 9 9 0 4 5 5 5 4 2 1 8 6 6 9 7 1 8 0 0 0 3 8 7 4 4 5 2 9 8 
5 1 1 1 2 9 0 0 5 3 0 7 3 0 8 7 4 6 2 1 0 6 5 1 0 2 4 0 0 6 2 8 4 6 3 2 3 8 9 1 
6 3 6 5 6 1 7 9 6 1 7 7 3 3 7 7 1 8 5 7 7 4 1 9 3 1 5 5 6 5 8 1 4 0 5 8 0 8 0 3 
9 7 5 4 4 7 6 5 2 7 5 1 1 1 0 6 0 7 0 0 5 1 0 7 2 3 3 7 7 6 4 0 0 0 2 8 0 4 8 4 
9 4 3 6 1 3 9 2 2 4 3 6 6 7 3 9 2 6 7 9 9 8 7 2 3 7 1 5 6 5 5 6 1 6 8 9 9 8 8 9 
8 3 4 0 0 5 3 6 6 2 9 4 4 8 6 8 8 8 2 3 6 2 4 3 3 9 4 5 9 4 3 3 8 3 4 4 1 2 7 8 
5 6 4 9 7 2 0 3 3 0 7 9 3 6 9 2 3 6 2 4 3 1 6 6 3 8 4 3 9 2 6 6 7 9 4 3 4 5 1 1 
1 1 9 8 6 0 9 5 3 0 2 6 1 9 6 1 2 6 8 3 9 0 4 6 1 4 3 1 4 8 3 1 3 3 6 9 2 3 4 5 
0 1 6 1 5 5 1 8 6 9 1 9 9 4 5 0 5 3 6 3 7 4 5 7 8 7 8 7 0 4 4 5 1 2 6 3 6 3 3 8 
1 3 1 1 3 1 3 3 5 3 6 6 7 0 5 7 4 0 3 3 8 0 0 7 2 1 3 4 0 5 3 5 5 6 8 8 5 1 3 6 
4 7 7 2 6 6 2 8 0 7 8 8 6 1 1 8 7 5 7 6 6 4 8 7 2 0 6 6 1 6 9 0 0 4 4 4 7 1 4 6 
9 9 9 9 6 5 0 5 4 3 4 0 7 9 4 1 5 0 9 9 5 5 3 9 7 7 1 7 3 3 5 0 7 9 1 6 4 3 9 6 
8 9 4 1 4 6 1 4 8 6 3 8 9 8 0 6 3 0 4 7 8 2 2 9 1 4 5 7 9 4 3 0 7 5 7 4 8 7 2 4 
8 1 4 9 5 4 5 6 0 8 6 2 8 8 0 7 3 6 8 2 1 3 6 3 3 3 6 9 9 7 1 3 5 4 7 7 0 8 4 2 
8 0 4 9 8 6 4 7 1 5 4 8 8 2 3 2 1 5 4 1 6 4 0 3 9 2 4 0 1 4 9 9 1 0 6 9 4 6 7 9 
0 2 6 8 8 8 1 0 6 9 6 6 5 8 6 1 3 3 1 1 6 7 8 4 9 9 7 8 4 6 9 9 6 4 3 7 6 2 5 3 
2 4 5 1 4 0 9 5 3 5 8 0 8 3 9 2 3 3 1 0 6 0 1 4 9 4 4 6 7 0 8 0 0 4 1 1 6 6 2 5 
1 1 4 4 1 2 8 5 9 6 3 9 2 8 7 7 2 0 1 3 0 4 2 0 0 4 7 4 0 5 7 2 3 0 8 9 3 8 6 8 
7 9 8 5 7 2 3 5 8 5 1 6 1 9 5 5 5 9 9 8 5 2 7 8 5 4 1 1 9 3 5 9 6 5 6 5 7 3 9 2 
9 1 2 9 8 8 5 5 1 9 6 3 6 0 2 0 1 9 8 9 3 3 8 1 1 8 9 5 0 1 9 0 7 8 0 6 6 4 2 3 
0 4 5 7 6 4 4 9 6 1 7 1 0 0 3 7 7 3 3 2 1 0 3 1 8 7 1 1 6 6 6 3 8 3 1 7 4 2 6 8 
8 4 5 6 0 4 8 7 8 4 7 3 9 2 2 4 7 4 0 9 5 2 2 6 3 9 1 4 9 8 9 3 5 3 0 9 7 5 4 0 
3 9 5 7 4 9 1 3 4 7 1 6 1 1 4 6 5 4 3 8 0 2 4 4 4 7 9 7 7 1 1 3 5 9 2 7 9 8 6 6 
6 1 1 2 8 3 3 0 8 0 2 5 0 7 9 1 0 5 2 3 2 4 6 7 6 7 8 2 9 9 6 6 7 2 0 6 5 2 6 8 
9 3 9 0 8 1 5 5 2 8 5 8 6 2 2 7 0 4 0 2 7 5 4 7 8 2 1 5 3 2 3 0 4 7 1 8 7 4 4 0 
1 9 6 2 4 7 7 3 6 1 2 9 2 4 8 4 9 6 0 5 6 6 3 7 1 0 9 6 8 4 6 0 4 3 8 3 4 7 2 0 
5 9 5 1 9 1 6 4 1 9 8 5 5 2 0 3 8 6 2 6 5 9 3 4 5 6 0 7 7 5 8 8 3 2 4 8 1 1 5 1 
1 5 4 0 7 0 6 4 5 6 8 9 4 7 0 0 1 7 1 8 5 7 0 2 1 8 4 2 2 1 0 9 1 0 6 4 8 4 4 7 
4 6 4 0 9 4 6 7 3 2 6 3 1 6 4 4 8 9 4 5 4 7 7 1 3 2 4 8 2 6 7 7 6 4 0 6 2 7 0 2 
6 9 1 2 2 4 3 1 2 2 8 8 5 4 0 5 5 1 4 3 5 9 1 2 7 7 6 8 7 3 1 6 5 6 2 1 8 8 5 4 
8 0 1 0 5 8 4 5 4 3 2 7 8 2 2 8 0 7 1 4 0 5 7 9 4 1 9 9 9 3 1 2 4 7 8 4 3 7 2 5 
1 4 8 2 8 1 0 2 4 5 2 4 3 1 0 5 6 6 7 5 5 6 1 2 2 1 9 5 2 1 6 0 7 2 6 4 8 8 4 9 

Matriz 2
1 2 5 4 2 4 8 8 6 4 8 2 2 9 8 6 0 3 4 2 7 2 4 1 1 4 7 5 3 2 3 5 8 0 9 2 0 6 8 0 
6 2 3 6 5 2 9 4 9 4 9 9 5 8 6 8 7 7 9 0 4 6 1 8 7 1 3 1 7 7 4 5 7 3 9 4 8 4 3 4 
6 2 7 3 7 9 9 5 0 6 7 8 2 9 8 1 1 8 9 5 5 0 1 4 7 4 2 1 0 6 5 4 3 7 6 1 0 0 9 5 
7 4 7 9 9 5 3 4 7 1 9 9 8 2 7 8 1 6 0 8 3 5 8 7 6 0 5 8 2 3 2 5 5 7 1 7 3 3 7 8 
1 2 3 2 4 6 8 7 7 2 1 5 6 0 3 0 2 3 6 2 3 2 3 0 5 4 3 5 0 5 5 9 0 4 1 0 8 0 3 6 
4 6 2 2 0 5 7 6 9 7 8 1 3 1 6 8 2 2 8 6 6 5 0 3 3 4 1 3 8 4 7 7 9 6 8 8 8 1 9 9 
7 0 0 7 2 7 6 3 8 7 5 6 2 5 2 0 0 3 5 4 6 9 8 2 5 6 6 8 1 4 1 8 6 6 7 2 4 1 8 2 
5 6 4 6 1 1 7 7 6 0 8 0 7 0 8 3 4 9 8 6 8 5 1 4 3 5 8 8 0 7 3 6 3 8 5 5 3 3 0 8 
3 6 3 3 7 6 2 1 4 1 3 7 2 7 0 7 1 9 4 9 4 3 5 3 6 1 6 2 0 4 5 6 0 2 1 7 4 3 9 0 
5 8 1 3 3 2 2 9 9 9 9 7 9 4 9 5 0 8 7 4 1 2 9 0 5 1 1 0 1 1 3 8 4 6 0 5 0 0 9 0 
5 3 3 8 1 0 0 3 7 0 3 2 5 5 6 5 2 9 3 4 1 4 5 9 0 2 9 0 0 5 2 1 1 2 9 2 4 3 7 3 
4 4 4 2 2 4 0 3 5 9 5 7 1 1 4 1 4 6 3 7 9 4 7 2 6 9 4 4 8 9 4 4 9 1 0 0 1 0 3 3 
7 2 1 2 4 5 3 1 2 6 4 5 0 4 3 4 4 7 3 1 2 0 0 1 6 8 4 9 2 2 5 9 3 8 5 7 8 8 2 3 
8 1 8 1 6 7 1 4 2 6 4 0 4 4 7 6 3 2 8 2 0 9 8 2 8 4 5 8 3 7 4 1 3 0 9 0 6 5 7 0 
7 9 1 5 6 0 7 8 8 7 5 9 1 2 4 6 1 7 7 9 8 6 4 9 9 2 7 9 0 0 6 0 4 2 6 7 5 0 2 6 
1 7 4 0 0 3 6 8 6 7 4 7 2 2 1 9 2 3 6 5 5 8 5 7 9 4 2 4 0 2 9 8 9 2 7 5 9 8 1 5 
1 5 2 0 0 0 6 7 2 2 0 5 2 5 1 8 4 1 5 3 8 0 4 3 8 9 6 9 3 5 7 1 9 9 8 3 9 3 3 2 
5 2 0 3 6 0 6 4 8 1 8 4 2 3 8 6 0 7 2 8 4 3 4 8 2 8 8 2 4 7 2 9 6 8 9 8 9 6 0 7 
7 7 1 9 7 9 4 9 6 0 7 3 1 1 9 5 5 6 7 3 4 8 4 0 6 0 0 2 9 2 4 8 7 9 2 0 0 5 0 6 
8 5 7 0 5 7 7 2 2 8 7 1 1 3 7 3 0 6 9 8 4 7 3 7 2 3 9 0 6 7 4 2 0 6 8 6 4 9 4 6 
5 9 6 7 4 9 6 0 5 0 5 9 4 8 6 9 5 7 2 0 3 9 6 2 8 6 3 4 5 9 0 6 3 3 4 5 6 2 8 5 
9 3 8 3 3 8 5 5 1 7 2 6 1 2 2 0 8 7 5 3 9 8 9 6 2 1 7 5 7 1 5 7 9 4 9 0 3 6 4 7 
7 4 9 3 9 0 0 9 3 8 3 4 9 2 4 1 2 8 7 2 0 2 3 3 9 3 2 2 2 6 6 2 7 5 4 4 4 6 9 6 
3 4 4 9 3 7 7 4 0 2 9 0 4 4 0 6 5 9 1 9 9 8 9 7 6 8 8 2 9 0 9 2 2 7 5 2 6 6 6 6 
5 9 5 9 0 3 9 6 1 8 2 6 2 5 8 1 6 8 4 5 0 6 8 6 9 0 5 4 9 8 4 3 5 4 4 8 2 7 0 1 
9 7 0 4 4 9 4 0 9 1 8 9 5 4 3 0 1 9 4 2 7 8 9 1 7 3 5 9 2 9 2 9 2 6 3 8 5 5 8 6 
3 4 3 1 0 4 4 8 6 6 6 4 4 9 0 4 6 5 4 8 1 0 7 6 5 7 3 4 3 4 0 0 0 7 4 3 9 4 4 4 
9 3 5 1 3 5 9 2 2 7 7 3 8 5 2 4 3 5 8 8 7 9 8 9 2 9 1 6 5 4 3 1 9 7 7 3 1 4 5 5 
2 9 9 7 1 6 4 3 9 6 9 3 6 2 3 3 2 5 0 2 6 8 9 9 2 7 8 4 3 0 4 6 8 3 5 2 7 7 4 7 
5 2 7 2 4 9 7 8 0 9 1 3 6 7 0 0 1 5 0 1 3 5 1 0 0 0 3 0 6 3 4 8 0 6 2 7 3 0 1 7 
2 4 5 6 7 3 4 9 7 7 8 9 1 7 1 7 5 0 3 7 9 3 5 0 1 6 4 2 8 4 7 7 9 0 0 4 1 5 2 3 
5 7 8 9 3 1 8 0 0 0 9 1 5 8 5 5 4 2 7 2 8 7 4 4 9 8 4 0 1 8 2 8 3 1 5 4 0 2 9 5 
5 9 5 0 1 4 9 4 7 4 4 0 0 2 3 3 3 2 4 9 5 3 0 6 7 3 1 7 8 7 1 3 5 7 0 9 3 2 3 4 
3 2 4 9 4 7 9 4 0 8 9 0 5 8 4 1 5 5 0 6 4 3 9 0 8 6 1 4 0 8 9 6 8 6 8 4 1 8 7 3 
2 7 7 3 5 6 3 1 7 9 4 2 3 7 4 7 2 3 7 1 0 1 5 5 4 3 2 6 2 9 8 7 5 5 1 9 8 6 7 0 
0 2 3 1 5 5 0 9 7 0 4 1 2 0 1 3 6 5 7 0 0 1 2 6 8 9 9 9 9 4 3 3 7 4 8 1 2 9 6 7 
5 9 0 8 3 2 4 8 8 9 9 5 7 7 3 8 2 4 1 3 1 1 5 0 5 1 5 7 4 6 2 7 8 0 1 4 5 2 0 5 
6 2 7 6 0 1 1 1 5 2 0 0 8 8 7 6 6 7 5 8 7 8 2 3 6 5 7 3 2 8 9 7 7 1 9 0 3 9 2 3 
1 4 0 8 3 6 5 2 1 7 5 1 7 3 7 0 1 3 7 6 2 7 0 2 2 6 0 9 2 1 3 1 9 8 1 0 1 3 6 8 
8 2 6 9 5 9 3 5 1 4 9 8 4 7 8 3 1 6 8 7 8 5 1 7 7 7 8 2 8 4 6 4 6 7 9 1 3 1 1 8 

Resultado 2
1029 929 813 880 708 867 934 904 936 872 1088 824 866 860 987 885 492 1047 1035 853 845 988 862 761 981 817 913 832 707 989 786 1038 1005 947 1021 793 823 749 924 944 
773 733 649 711 588 697 728 772 890 790 938 716 688 659 740 658 425 847 826 693 645 676 748 601 836 669 699 736 493 856 602 784 736 718 712 633 692 477 857 751 
786 837 735 774 650 741 843 820 787 697 949 717 582 726 671 789 556 869 818 788 817 802 748 713 948 766 768 719 690 750 733 822 880 748 801 635 700 692 720 774 
786 857 706 745 648 781 812 855 958 802 917 829 632 769 687 724 498 925 779 796 775 750 855 637 917 704 826 823 652 853 704 869 858 721 764 750 719 690 876 748 
874 863 753 764 621 875 981 920 899 961 1049 724 685 848 753 794 527 1011 966 947 861 846 841 799 994 920 845 823 744 919 830 936 958 925 916 757 767 764 909 841 
846 876 728 833 621 882 876 791 859 955 968 752 634 811 803 761 491 963 851 840 808 883 799 691 873 815 856 862 757 856 766 910 960 797 848 764 749 722 808 804 
807 768 636 810 569 775 749 689 774 751 880 742 607 767 697 691 453 885 749 696 697 839 788 576 888 664 744 747 600 843 659 827 796 661 763 670 652 631 793 660 
912 887 773 866 676 870 887 881 803 912 998 771 706 740 816 672 523 1018 875 890 797 865 938 769 994 737 816 854 704 782 789 832 991 887 855 668 655 765 844 812 
956 904 706 897 675 845 925 865 847 914 1058 855 760 783 879 715 555 1151 930 954 847 856 925 807 1048 833 847 901 708 903 817 933 1024 977 881 763 708 765 869 851 
580 638 526 548 442 538 680 662 619 717 706 521 507 598 567 581 385 666 663 689 676 608 532 487 723 613 537 585 468 617 665 724 802 590 663 556 554 530 631 652 
867 823 822 819 681 873 932 903 962 793 1034 804 655 803 804 835 561 1075 900 955 933 942 876 872 919 884 1000 796 740 875 815 949 907 837 974 701 797 804 797 874 
618 601 575 680 481 711 781 730 801 661 915 625 654 672 685 651 385 815 730 661 679 748 665 658 648 715 699 621 578 604 607 780 813 710 806 535 618 590 744 732 
1112 994 971 1050 849 1119 1038 1015 1061 1115 1297 959 873 1026 1044 950 625 1174 1104 928 985 1156 1060 860 1171 1005 1048 1021 873 1088 956 1204 1281 974 1184 812 874 1015 1051 1037 
880 904 773 787 618 860 940 852 932 843 1067 780 688 845 845 827 487 1015 937 878 894 929 849 853 976 912 919 889 679 905 787 885 998 885 1038 775 851 777 892 859 
860 857 809 855 701 774 908 814 933 815 1080 776 721 793 791 777 533 996 785 881 858 846 911 793 995 819 867 818 640 940 789 875 916 759 873 737 773 755 856 833 
805 696 715 776 727 912 778 787 788 705 916 726 626 702 749 649 444 911 789 732 699 819 766 636 916 752 780 791 634 824 663 824 766 815 772 585 669 604 786 807 
949 913 725 821 674 894 893 880 810 912 1055 856 731 841 834 751 577 1095 957 874 837 819 879 668 1034 861 798 817 749 931 790 938 877 935 807 747 748 668 832 830 
621 710 560 662 498 695 719 658 658 676 801 615 510 684 546 674 454 779 682 651 634 644 640 593 824 712 648 656 574 710 653 724 713 671 669 603 620 575 651 633 
875 834 760 824 690 850 950 1055 905 971 1112 856 760 844 854 849 583 1051 972 857 858 812 825 737 936 880 824 740 785 889 868 959 1041 943 947 684 817 744 807 914 
1040 909 874 989 826 1098 1144 988 889 939 1240 848 801 927 1018 860 632 1152 1062 960 919 1015 924 818 1103 846 915 969 871 954 912 956 1068 1042 1073 767 771 899 988 977 
911 930 855 805 658 992 969 870 973 987 1155 784 766 941 836 934 605 1076 946 875 876 934 919 766 1020 901 874 849 806 957 887 1005 1017 856 968 755 885 859 932 818 
910 813 855 797 663 890 901 942 948 897 1060 681 830 795 898 791 531 1018 931 829 771 910 910 786 941 865 833 881 665 848 808 1002 1013 964 982 715 784 864 906 864 
814 819 756 929 653 845 869 898 883 807 1048 815 691 810 910 769 552 955 889 818 833 807 778 666 938 859 877 839 755 882 751 1014 957 817 835 685 670 697 807 866 
1043 1021 907 921 806 975 1011 1008 991 1045 1173 975 879 929 877 844 635 1135 1006 959 878 961 1061 813 1151 901 877 930 821 1026 849 1038 1041 932 912 868 823 764 1086 964 
747 701 539 797 497 633 764 698 772 723 856 750 598 747 669 645 441 873 687 710 677 727 764 632 794 685 748 706 480 683 631 741 750 654 777 576 641 593 631 611 
780 699 675 633 606 769 646 790 815 851 848 744 617 734 656 682 447 851 895 829 742 762 742 648 872 739 767 795 575 774 722 786 845 689 760 588 629 611 772 687 
991 1062 940 1032 882 1014 1144 1039 1049 1003 1315 900 850 965 1049 961 607 1168 1105 985 967 1060 1005 867 1202 943 985 922 828 1076 942 1116 1140 981 1029 830 887 903 1039 993 
922 809 666 798 720 829 905 993 1040 854 1152 779 747 771 892 754 492 1009 877 924 790 758 856 650 880 794 816 811 717 892 709 994 955 946 877 769 712 775 882 890 
713 796 641 779 556 720 842 824 819 669 891 732 645 655 704 643 437 868 782 774 735 741 656 698 869 666 770 751 603 786 679 818 828 802 748 688 661 603 666 824 
902 892 777 854 676 902 970 888 984 880 1133 831 737 893 783 845 524 1075 851 880 924 913 895 765 931 897 1017 908 729 902 791 1026 985 887 980 828 793 856 937 885 
903 918 757 844 642 857 993 939 988 971 1197 805 833 858 867 833 567 1050 974 980 866 879 894 837 1053 863 839 844 752 936 851 930 1081 930 981 755 814 814 885 944 
807 822 761 795 655 861 867 872 818 839 974 738 663 768 671 638 476 919 782 854 810 856 832 723 911 773 861 767 733 774 706 821 823 728 799 663 715 658 786 850 
734 746 667 740 549 776 887 852 794 862 936 724 653 748 758 639 509 972 785 735 721 741 823 622 894 776 762 748 619 806 721 877 907 720 834 585 623 704 796 709 
824 825 775 704 609 805 940 844 934 950 978 811 654 846 679 850 583 952 884 906 900 852 871 831 935 886 850 812 715 882 840 855 991 821 944 705 914 716 825 808 
862 818 783 799 647 845 985 873 907 861 1041 831 728 815 810 721 576 999 950 721 876 890 903 765 902 884 884 779 734 896 757 1003 989 867 956 675 748 762 902 835 
832 690 632 709 565 763 703 601 772 705 911 691 625 739 754 612 438 909 832 667 693 768 767 628 803 733 815 660 559 884 572 859 704 674 801 546 667 584 770 693 
880 746 784 709 630 738 965 917 859 787 929 717 695 788 772 740 571 930 947 819 872 864 787 744 924 845 855 750 684 928 760 915 945 815 1015 653 758 726 783 834 
886 825 747 835 495 814 902 740 827 868 985 738 710 865 776 737 606 952 819 763 830 922 889 737 908 782 787 775 720 897 721 887 1010 747 948 621 727 760 781 769 
796 784 783 714 536 811 893 844 840 961 1017 610 698 770 714 724 525 968 838 897 829 818 864 789 876 916 824 772 683 804 856 914 981 846 951 699 820 845 805 813 
752 746 664 666 577 783 802 813 783 768 886 738 608 778 726 720 518 856 837 806 719 668 688 653 845 738 695 673 675 805 709 833 865 803 759 561 703 650 627 746 

